6.999999996800204904e+00
1.600061714964893511e+01
1.150052800681128851e+01
2.642733152033713395e+01
7.638650707840611176e+01
2.642699696294508627e+00
1.910544925503292859e+02
1.235786219378563828e+02
7.848941532151557965e+01
1.845657013295711479e+01
2.528757674460583260e+01
2.503787106154990383e+01
2.488726011078153277e+01
2.489938696313917887e+01
2.533675403897645140e+01
2.539830574802114072e+01
2.553532846183262706e+01
2.494652602339628089e+01
2.500773159200464590e+01
2.475063727565160576e+01
2.498061163043901800e+01
2.504672955092510023e+01
2.523049771105169015e+01
2.497923591697145085e+01
2.517302371029608210e+01
2.508851548217474559e+01
2.523903662534759107e+01
2.501305435536230348e+01
2.521317724491216339e+01
4.479668554184115692e+01
4.589602788037156245e+01
4.609732142425126966e+01
4.819979440335539067e+01
4.815074818658337819e+01
4.846556320847011534e+01
5.645044423971743441e+01
5.217973867025649781e+01
5.226177227106757783e+01
5.235042301897396300e+01
5.182301657313320220e+01
5.175478117152648849e+01
5.197975507024184338e+01
5.216226044894164460e+01
5.259096108931775149e+01
5.263687565978750627e+01
5.279033970579642698e+01
5.283861872682701488e+01
3.086687258178276170e+04
