2.285766529737369108e-08
8.000596555069006399e+01
4.792134310520844309e+01
1.101650641413905518e+01
1.790885149860766319e+02
2.961970478704690546e+00
1.230693264644374904e+04
1.985044561756643088e+04
3.389410165858575056e+04
7.021847172082803290e+00
1.738929701405091732e+00
1.245461104703961652e+00
9.589779798786212117e-01
9.427875696389890203e-01
1.928281210368917309e-01
2.136321574315322158e-01
7.017959210906508094e-01
8.178853404052087717e-01
9.605147820422362814e-01
6.947338645794036704e-01
9.834654180646574817e-01
1.066833264249440472e+00
1.117336651948966031e+00
1.056422650697396382e+00
1.271747130382777424e+00
1.057399180714852838e+00
1.167146784139622584e+00
1.048984407855051426e+00
1.289269201571034529e+00
3.096392561448166347e+01
2.268890936833096106e+01
1.726403910176753342e+01
1.811066237351313646e+01
1.705260676847826318e+01
2.802376323723758134e+01
7.550641854733218850e+01
4.079303024101383812e+01
3.340314717531922639e+01
4.331562074751779079e+01
3.605418997541520554e+01
4.317995376730701196e+01
3.419698092549634083e+01
4.215889450589680365e+01
4.439753407581358147e+01
5.113266567357874237e+01
4.203337473867986773e+01
5.140516176359807332e+01
9.153186477811801434e+08
